0 1 1 1
0.05 1.29154 2.39427 0.964256
0.1 2.13513 4.46659 1.11646
0.15 3.73762 7.96325 1.82708
0.2 6.55153 13.7582 4.21567
0.25 11.106 21.9497 11.1787
0.3 16.9142 27.7356 26.8632
0.35 19.7277 18.6052 44.966
0.4 14.9544 -0.770553 46.496
0.45 6.7131 -8.79724 37.9477
0.5 0.34918 -9.52036 31.8485
0.55 -3.41589 -8.95489 28.6574
0.6 -5.50855 -8.62398 26.9727
0.65 -6.73439 -8.68567 26.1122
0.7 -7.56417 -9.00594 25.8296
0.75 -8.21522 -9.39529 26.0196
0.8 -8.74346 -9.66351 26.5737
0.85 -9.11492 -9.66008 27.3164
0.9 -9.26862 -9.33032 28.0099
0.95 -9.17439 -8.75234 28.4245
1 -8.86878 -8.10605 28.4326
1.05 -8.45024 -7.58293 28.0512
1.1 -8.041 -7.30719 27.4079
1.15 -7.74529 -7.31674 26.6737
1.2 -7.62694 -7.587 26.0141
1.25 -7.70666 -8.05704 25.5681
1.3 -7.96714 -8.63835 25.4393
1.35 -8.35654 -9.21145 25.6818
1.4 -8.78995 -9.62919 26.2726
1.45 -9.1572 -9.74892 27.0842
1.5 -9.34795 -9.49778 27.8916
1.55 -9.2936 -8.93379 28.4425
1.6 -9.00372 -8.23887 28.5683
1.65 -8.56679 -7.63083 28.254
1.7 -8.11115 -7.26579 27.6185
1.75 -7.75534 -7.20302 26.8415
1.8 -7.5775 -7.42715 26.1034
1.85 -7.60932 -7.88118 25.5579
1.9 -7.84159 -8.48061 25.3246
1.95 -8.22906 -9.10965 25.4781
2 -8.69107 -9.61799 26.021
2.05 -9.1156 -9.84388 26.8504
2.1 -9.37975 -9.67822 27.7472
2.15 -9.39207 -9.14215 28.4338
2.2 -9.13861 -8.40621 28.6924
2.25 -8.69649 -7.71003 28.4646
2.3 -8.19952 -7.24535 27.852
2.35 -7.78205 -7.09795 27.0405
2.4 -7.53907 -7.26436 26.2258
2.45 -7.51518 -7.69171 25.5773
2.5 -7.71049 -8.2994 25.2305
2.55 -8.08721 -8.97677 25.2795
2.6 -8.57062 -9.57418 25.7538
2.65 -9.04966 -9.91533 26.5799
2.7 -9.39157 -9.85521 27.5543
2.75 -9.48215 -9.37033 28.3813
2.8 -9.27979 -8.60813 28.7926
2.85 -8.84419 -7.82453 28.676
2.9 -8.31083 -7.25054 28.1063
2.95 -7.82997 -7.00531 27.272
3 -7.51561 -7.1012 26.3847
3.05 -7.42746 -7.49014 25.6313
3.1 -7.5761 -8.09495 25.1628
3.15 -7.93207 -8.81101 25.0923
3.2 -8.42795 -9.49296 25.4762
3.25 -8.95641 -9.95562 26.2743
3.3 -9.37842 -10.0208 27.3084
3.35 -9.55842 -9.61425 28.2756
3.4 -9.42363 -8.8465 28.8586
3.45 -9.00938 -7.98028 28.8813
3.5 -8.44738 -7.28805 28.379
3.55 -7.90286 -6.9304 27.5372
3.6 -7.51113 -6.94126 26.584
3.65 -7.34967 -7.27866 25.725
3.7 -7.44117 -7.86812 25.1281
3.75 -7.76522 -8.61113 24.9239
3.8 -8.26285 -9.36983 25.1949
3.85 -8.83316 -9.95651 25.9367
3.9 -9.33497 -10.1653 27.0061
3.95 -9.61432 -9.86738 28.1065
4 -9.56503 -9.12173 28.8777
4.05 -9.19051 -8.1836 29.0707
4.1 -8.61121 -7.36596 28.6662
4.15 -8.0049 -6.87995 27.8371
4.2 -7.53036 -6.78913 26.8274
4.25 -7.28611 -7.06015 25.8644
4.3 -7.30911 -7.62033 25.1335
4.35 -7.58891 -8.3766 24.7826
4.4 -8.0758 -9.20085 24.9182
4.45 -8.67764 -9.90945 25.5727
4.5 -9.25569 -10.2769 26.6461
4.55 -9.64211 -10.1201 27.8638
4.6 -9.69705 -9.4319 28.8347
4.65 -9.38446 -8.4407 29.2315
4.7 -8.80379 -7.49395 28.9614
4.75 -8.14066 -6.86258 28.1714
4.8 -7.57889 -6.65079 27.1189
4.85 -7.24202 -6.83836 26.0555
4.9 -7.18425 -7.35375 25.187
4.95 -7.40624 -8.10765 24.678
5 -7.86811 -8.98283 24.6564
5.05 -8.48832 -9.80597 25.1906
5.1 -9.13511 -10.342 26.2297
5.15 -9.63295 -10.3589 27.5382
5.2 -9.81056 -9.77153 28.7122
5.25 -9.58587 -8.75689 29.346
5.3 -9.02545 -7.6834 29.2543
5.35 -8.31493 -6.8894 28.5381
5.4 -7.66337 -6.5342 27.462
5.45 -7.22392 -6.6183 26.3053
5.5 -7.07203 -7.07137 25.2976
5.55 -7.22132 -7.80544 24.6206
5.6 -7.6421 -8.71366 24.4216
5.65 -8.26461 -9.63814 24.8016
5.7 -8.96824 -10.3458 25.762
5.75 -9.57708 -10.5662 27.1225
5.8 -9.89388 -10.13 28.4904
5.85 -9.78636 -9.13512 29.3919
5.9 -9.27466 -7.9472 29.5298
5.95 -8.53237 -6.97475 28.9323
6 -7.79156 -6.45012 27.8598
6.05 -7.23985 -6.40674 26.6212
6.1 -6.97943 -6.77734 25.4751
6.15 -7.03959 -7.47218 24.6227
6.2 -7.40138 -8.39256 24.2281
6.25 -8.00721 -9.39921 24.4206
6.3 -8.75098 -10.2726 25.2531
6.35 -9.46426 -10.7199 26.6134
6.4 -9.93263 -10.4896 28.1493
6.45 -9.97349 -9.57367 29.3403
6.5 -9.5467 -8.29894 29.7649
6.55 -8.79683 -7.13696 29.3446
6.6 -7.9724 -6.41328 28.3137
6.65 -7.29988 -6.2131 27.0108
6.7 -6.91537 -6.47736 25.7308
6.75 -6.86823 -7.11133 24.6979
6.8 -7.15116 -8.02033 24.0922
6.85 -7.71852 -9.08423 24.066
6.9 -8.48075 -10.1074 24.7188
6.95 -9.28447 -10.794 26.0142
7 -9.90988 -10.8238 27.6704
7.05 -10.1297 -10.0627 29.1562
7.1 -9.83196 -8.75092 29.927
7.15 -9.11007 -7.399 29.7578
7.2 -8.21574 -6.44418 28.8222
7.25 -7.41655 -6.05082 27.4821
7.3 -6.89152 -6.17944 26.0771
7.35 -6.71676 -6.72797 24.8619
7.4 -6.89871 -7.59961 24.033
7.45 -7.40307 -8.69074 23.7602
7.5 -8.15721 -9.83658 24.1818
7.55 -9.02892 -10.7598 25.3371
7.6 -9.80677 -11.0962 27.0408
7.65 -10.2315 -10.5795 28.7999
7.7 -10.1135 -9.31009 29.9697
7.75 -9.46949 -7.78831 30.1423
7.8 -8.53152 -6.57128 29.3777
7.85 -7.60535 -5.93967 28.0422
7.9 -6.9232 -5.89519 26.5283
7.95 -6.598 -6.32925 25.1326
8 -6.65413 -7.1352 24.0721
8.05 -7.06811 -8.21943 23.5298
8.1 -7.78305 -9.4504 23.672
8.15 -8.69151 -10.5884 24.6061
8.2 -9.604 -11.2601 26.259
8.25 -10.2489 -11.0832 28.2312
8.3 -10.3641 -9.97066 29.8314
8.35 -9.86446 -8.33447 30.4497
8.4 -8.92778 -6.83376 29.9613
8.45 -7.88484 -5.9093 28.695
8.5 -7.03066 -5.64224 27.1
8.55 -6.52945 -5.92556 25.5311
8.6 -6.43136 -6.63438 24.2347
8.65 -6.72445 -7.67463 23.4056
8.7 -7.36494 -8.94424 23.2271
8.75 -8.27041 -10.2546 23.8592
8.8 -9.28427 -11.2616 25.3418
8.85 -10.1469 -11.5096 27.4184
8.9 -10.5432 -10.7024 29.4355
8.95 -10.2705 -9.06203 30.6035
9 -9.40639 -7.28357 30.5332
9.05 -8.27586 -6.00496 29.4369
9.1 -7.24068 -5.44849 27.8083
9.15 -6.53543 -5.53252 26.0818
9.2 -6.25006 -6.10769 24.5501
9.25 -6.38771 -7.06475 23.4233
9.3 -6.91467 -8.32035 22.8925
9.35 -7.77005 -9.74081 23.1497
9.4 -8.8358 -11.0461 24.3314
9.45 -9.88859 -11.7706 26.3524
9.5 -10.5957 -11.435 28.6994
9.55 -10.6415 -9.97384 30.4903
9.6 -9.95472 -7.98347 31.0162
9.65 -8.79816 -6.29544 30.246
9.7 -7.58775 -5.36009 28.667
9.75 -6.65031 -5.17545 26.8136
9.8 -6.13852 -5.57042 25.0536
9.85 -6.08043 -6.40268 23.6245
9.9 -6.4506 -7.58892 22.721
9.95 -7.20309 -9.04241 22.5461
10 -8.25661 -10.5681 23.3009
10.05 -9.4421 -11.7616 25.066
10.1 -10.4538 -12.0437 27.557
10.15 -10.9008 -11.0199 29.9583
10.2 -10.531 -8.99252 31.2704
10.25 -9.46109 -6.88178 31.0599
10.3 -8.11362 -5.45555 29.6782
10.35 -6.92273 -4.89847 27.7588
10.4 -6.13876 -5.04646 25.788
10.45 -5.83589 -5.70649 24.0587
10.5 -6.0001 -6.76835 22.7732
10.55 -6.59248 -8.1709 22.1297
10.6 -7.55905 -9.80442 22.355
10.65 -8.79005 -11.3812 23.6523
10.7 -10.0483 -12.3477 25.9999
10.75 -10.9374 -12.0518 28.8403
10.8 -11.0421 -10.3212 31.0657
10.85 -10.2418 -7.89657 31.7316
10.9 -8.85989 -5.86908 30.8081
10.95 -7.42013 -4.78434 28.9477
11 -6.3148 -4.57783 26.8068
11.05 -5.70527 -5.00209 24.7868
11.1 -5.60415 -5.88489 23.1199
11.15 -5.97428 -7.15515 21.9937
11.2 -6.77368 -8.7649 21.6253
11.25 -7.94094 -10.5628 22.2729
11.3 -9.32877 -12.1412 24.1312
11.35 -10.6172 -12.7853 27.0285
11.4 -11.3203 -11.8343 30.0809
11.45 -11.0421 -9.45982 31.9537
11.5 -9.84102 -6.81875 31.9233
11.55 -8.22781 -4.99581 30.3862
11.6 -6.76516 -4.24949 28.1733
11.65 -5.77144 -4.33208 25.8881
11.7 -5.32713 -4.97288 23.8477
11.75 -5.40285 -6.03917 22.2427
11.8 -5.95259 -7.49773 21.2606
11.85 -6.9382 -9.30759 21.1478
11.9 -8.29189 -11.2661 22.2023
11.95 -9.82417 -12.8296 24.6068
12 -11.1243 -13.1176 28.0107
12.05 -11.6219 -11.5128 31.1846
12.1 -10.9702 -8.59202 32.643
12.15 -9.42107 -5.8516 31.9739
12.2 -7.63533 -4.25375 29.945
12.25 -6.17438 -3.78557 27.4684
12.3 -5.27853 -4.08134 25.071
12.35 -4.96392 -4.87734 23.0009
12.4 -5.17457 -6.08315 21.4215
12.45 -5.86452 -7.70166 20.5257
12.5 -7.00534 -9.70363 20.5937
12.55 -8.52985 -11.846 21.9753
12.6 -10.2143 -13.4547 24.8663
12.65 -11.5602 -13.4706 28.7622
12.7 -11.9069 -11.2971 32.0979
12.75 -10.945 -7.89275 33.2431
12.8 -9.09709 -5.04757 32.0721
12.85 -7.15015 -3.59748 29.656
12.9 -5.66152 -3.30999 26.9558
12.95 -4.80979 -3.73478 24.435
13 -4.56247 -4.61631 22.2889
13.05 -4.84444 -5.89909 20.657
13.1 -5.61289 -7.62364 19.7315
13.15 -6.85555 -9.79415 19.8191
13.2 -8.52417 -12.1757 21.336
13.25 -10.3939 -14.0176 24.5664
13.3 -11.9053 -14.0508 28.9887
13.35 -12.277 -11.5168 32.7537
13.4 -11.1435 -7.60101 33.9235
13.45 -9.03186 -4.46669 32.4702
13.5 -6.86816 -2.97607 29.7427
13.55 -5.25518 -2.73449 26.8086
13.6 -4.34502 -3.19184 24.1115
13.65 -4.06749 -4.07071 21.8069
13.7 -4.32487 -5.3307 20.0021
13.75 -5.07128 -7.04933 18.8643
13.8 -6.3133 -9.29862 18.6935
13.85 -8.0497 -11.9507 19.9608
13.9 -10.1267 -14.3406 23.1494
13.95 -12.0173 -15.0343 28.0531
14 -12.7991 -12.7039 32.8095
14.05 -11.8233 -8.22769 34.8012
14.1 -9.52357 -4.33584 33.521
14.15 -7.00927 -2.40096 30.5701
14.2 -5.07157 -1.98373 27.3409
14.25 -3.91838 -2.34995 24.3695
14.3 -3.45501 -3.11528 21.7913
14.35 -3.54296 -4.20404 19.6657
14.4 -4.10819 -5.70651 18.0956
14.45 -5.15767 -7.77249 17.2993
14.5 -6.74626 -10.4824 17.6953
14.55 -8.87733 -13.5631 19.9329
14.6 -11.2776 -15.8866 24.5363
14.65 -13.1076 -15.3993 30.6652
14.7 -13.1851 -11.149 35.2078
14.75 -11.1942 -5.72247 35.5977
14.8 -8.22531 -2.27482 32.8706
14.85 -5.57511 -1.08995 29.2609
14.9 -3.79444 -1.12858 25.836
14.95 -2.84976 -1.65722 22.8223
15 -2.53725 -2.41827 20.2279
15.05 -2.69628 -3.42625 18.0595
15.1 -3.26645 -4.82636 16.3804
15.15 -4.28415 -6.8289 15.3662
15.2 -5.85679 -9.63552 15.4088
15.25 -8.09078 -13.2044 17.2474
15.3 -10.8781 -16.6362 21.8466
15.35 -13.4618 -17.4733 29.1486
15.4 -14.2856 -13.2776 35.8418
15.45 -12.3814 -6.28 37.4966
15.5 -8.84404 -1.45034 34.6006
15.55 -5.49446 0.255489 30.4228
15.6 -3.18113 0.359908 26.5557
15.65 -1.86461 -0.0218624 23.2239
15.7 -1.23754 -0.473771 20.3461
15.75 -1.03515 -0.932279 17.8463
15.8 -1.10495 -1.4658 15.681
15.85 -1.39393 -2.19558 13.8326
15.9 -1.92725 -3.28996 12.3207
15.95 -2.80064 -4.98832 11.2419
16 -4.18569 -7.61851 10.8708
16.05 -6.32448 -11.5141 11.8772
16.1 -9.42387 -16.527 15.6291
16.15 -13.2029 -20.5956 23.8017
16.2 -15.9686 -18.6917 34.8921
16.25 -15.0884 -9.11243 40.9846
16.3 -10.7085 -0.338829 38.5096
16.35 -5.78813 2.94517 33.0988
16.4 -2.21938 3.34766 28.3985
16.45 -0.0750119 3.13603 24.7075
16.5 1.17522 3.14563 21.7205
16.55 2.0299 3.60409 19.2712
16.6 2.84055 4.59687 17.338
16.65 3.85648 6.2342 16.026
16.7 5.28212 8.66255 15.6243
16.75 7.28467 11.9151 16.722
16.8 9.87901 15.4522 20.216
16.85 12.5943 17.4116 26.5737
16.9 14.1416 15.0566 33.7743
16.95 13.1838 8.68053 37.2907
17 10.1004 2.94068 35.6869
17.05 6.63716 0.335409 31.7845
17.1 4.00817 -0.164948 27.8172
17.15 2.41738 0.128274 24.3417
17.2 1.61944 0.612802 21.3404
17.25 1.33632 1.14395 18.7392
17.3 1.39017 1.77046 16.4949
17.35 1.71137 2.62035 14.5969
17.4 2.32015 3.87836 13.0827
17.45 3.316 5.79936 12.089
17.5 4.87506 8.70159 11.973
17.55 7.22061 12.8044 13.5425
17.6 10.4477 17.5538 18.2359
17.65 13.9595 20.1648 27.1069
17.7 15.7536 16.0513 36.9044
17.75 13.8385 6.49383 40.2297
17.8 9.336 -0.330472 36.6762
17.85 4.9616 -2.50782 31.565
17.9 1.96484 -2.63587 27.2264
17.95 0.207874 -2.40435 23.7194
18 -0.805441 -2.39954 20.804
18.05 -1.49735 -2.77541 18.3535
18.1 -2.15887 -3.60161 16.3396
18.15 -3.00142 -4.99462 14.8219
18.2 -4.21586 -7.14757 14
18.25 -6.00172 -10.2641 14.3435
18.3 -8.51531 -14.2499 16.7615
18.35 -11.61 -17.8874 22.4087
18.4 -14.2841 -18.0181 30.8965
18.45 -14.6494 -12.2016 37.639
18.5 -11.9601 -4.38644 38.0542
18.55 -7.91031 0.0460808 34.1705
18.6 -4.45216 1.25653 29.6826
18.65 -2.20579 1.16956 25.7948
18.7 -0.950072 0.840205 22.5094
18.75 -0.301866 0.608509 19.6844
18.8 0.0332155 0.529294 17.228
18.85 0.235794 0.588168 15.0844
18.9 0.410277 0.780342 13.2147
18.95 0.624916 1.13512 11.5908
19 0.942195 1.72856 10.1985
19.05 1.44317 2.70244 9.05066
19.1 2.25243 4.29611 8.22436
19.15 3.56762 6.88248 7.95923
19.2 5.68251 10.9365 8.89881
19.25 8.92645 16.6189 12.5472
19.3 13.2291 22.1225 21.3144
19.35 16.874 21.2601 34.7655
19.4 16.3275 9.91573 43.0971
19.45 11.2456 -1.12155 40.2721
19.5 5.39728 -4.90068 33.9667
19.55 1.22498 -5.22998 28.9975
19.6 -1.26355 -5.02009 25.4296
19.65 -2.7596 -5.20334 22.7603
19.7 -3.86625 -5.99096 20.7985
19.75 -4.98428 -7.41595 19.5981
19.8 -6.35664 -9.44803 19.4013
19.85 -8.0871 -11.8734 20.6155
19.9 -10.0635 -14.0065 23.6245
19.95 -11.8048 -14.5342 28.144
20 -12.4933 -12.347 32.4508
20.05 -11.5827 -8.27779 34.2592
20.1 -9.47152 -4.70157 33.1149
20.15 -7.14746 -2.86315 30.386
20.2 -5.33765 -2.44241 27.3333
20.25 -4.25872 -2.80587 24.4937
20.3 -3.84628 -3.60312 22.0345
20.35 -3.98565 -4.75989 20.0444
20.4 -4.61436 -6.35231 18.6577
20.45 -5.73632 -8.49159 18.1293
20.5 -7.37874 -11.1641 18.9019
20.55 -9.47277 -13.9185 21.5547
20.6 -11.6261 -15.4711 26.2824
20.65 -12.9498 -14.0796 31.7351
20.7 -12.5105 -9.70818 34.9858
20.75 -10.3784 -5.09008 34.5264
20.8 -7.6632 -2.44138 31.7221
20.85 -5.39382 -1.64541 28.3452
20.9 -3.93994 -1.83852 25.1714
20.95 -3.24077 -2.48069 22.3848
21 -3.13171 -3.41159 20.0256
21.05 -3.50111 -4.68759 18.1519
21.1 -4.3282 -6.4657 16.9072
21.15 -5.66846 -8.9135 16.6003
21.2 -7.59525 -12.0292 17.8032
21.25 -10.0431 -15.208 21.2919
21.3 -12.4886 -16.6697 27.2653
21.35 -13.7335 -14.173 33.6307
21.4 -12.7009 -8.38285 36.513
21.45 -9.84363 -3.31467 34.9385
21.5 -6.69611 -0.975068 31.3254
21.55 -4.30825 -0.520238 27.5825
21.6 -2.87459 -0.846997 24.2491
21.65 -2.19856 -1.43546 21.3565
21.7 -2.05137 -2.17351 18.8699
21.75 -2.29646 -3.14084 16.785
21.8 -2.9043 -4.5106 15.1558
21.85 -3.93938 -6.51822 14.1482
21.9 -5.54016 -9.4135 14.155
21.95 -7.85918 -13.2405 15.9704
22 -10.8509 -17.1621 20.7609
22.05 -13.7667 -18.4722 28.7845
22.1 -14.8368 -14.0193 36.4927
22.15 -12.8056 -6.07788 38.4784
22.2 -8.88262 -0.680947 35.2332
22.25 -5.18815 1.11214 30.7079
22.3 -2.66178 1.20337 26.664
22.35 -1.20882 0.880581 23.2502
22.4 -0.451205 0.607516 20.3255
22.45 -0.0682875 0.479146 17.7863
22.5 0.143285 0.484731 15.5705
22.55 0.299745 0.609505 13.6356
22.6 0.471037 0.865895 11.9493
22.65 0.712395 1.30484 10.49
22.7 1.08792 2.02942 9.2525
22.75 1.6925 3.22004 8.26951
22.8 2.67808 5.17269 7.66686
22.85 4.2844 8.32652 7.81001
22.9 6.84652 13.1421 9.64382
22.95 10.6355 19.2953 15.1844
23 15.0964 23.256 26.6148
23.05 17.4505 17.6589 39.8111
23.1 14.6429 4.29404 43.2034
23.15 8.63215 -3.68488 37.6864
23.2 3.28889 -5.45895 31.7098
23.25 -0.145593 -5.34088 27.4177
23.3 -2.154 -5.24901 24.3177
23.35 -3.44416 -5.69514 22.0169
23.4 -4.53682 -6.77065 20.4419
23.45 -5.75733 -8.46475 19.7341
23.5 -7.28001 -10.6606 20.2084
23.55 -9.1079 -12.9339 22.2649
23.6 -10.9588 -14.2996 26.0016
23.65 -12.1793 -13.4717 30.4494
23.7 -12.0477 -10.2421 33.4831
23.75 -10.493 -6.38451 33.6665
23.8 -8.27013 -3.79445 31.6271
23.85 -6.25201 -2.79248 28.7495
23.9 -4.8756 -2.83469 25.8685
23.95 -4.1904 -3.45001 23.2925
24 -4.10179 -4.45315 21.1435
24.05 -4.52556 -5.85618 19.5401
24.1 -5.43633 -7.74964 18.6868
24.15 -6.84804 -10.166 18.941
24.2 -8.72909 -12.8398 20.8143
24.25 -10.8244 -14.8457 24.6689
24.3 -12.4502 -14.5997 29.8144
24.35 -12.6661 -11.303 33.8742
24.4 -11.1413 -6.73275 34.6679
24.45 -8.64745 -3.47044 32.619
24.5 -6.27353 -2.13841 29.4702
24.55 -4.60062 -2.05278 26.3001
24.6 -3.69734 -2.57809 23.4554
24.65 -3.43385 -3.45075 21.024
24.7 -3.68753 -4.66514 19.0719
24.75 -4.41275 -6.34229 17.7329
24.8 -5.6386 -8.62693 17.2835
24.85 -7.41815 -11.5225 18.2256
24.9 -9.69304 -14.5256 21.2414
24.95 -12.0227 -16.1331 26.5713
25 -13.3736 -14.3114 32.5757
25.05 -12.7024 -9.22803 35.817
25.1 -10.2157 -4.26013 34.885
25.15 -7.24424 -1.67482 31.656
25.2 -4.86984 -1.0225 28.0524
25.25 -3.39458 -1.2827 24.7632
25.3 -2.68933 -1.90248 21.8949
25.35 -2.55186 -2.73936 19.4444
25.4 -2.85419 -3.86331 17.4338
25.45 -3.57082 -5.44731 15.9573
25.5 -4.76649 -7.71048 15.251
25.55 -6.56033 -10.8104 15.8146
25.6 -9.01889 -14.4989 18.5107
25.65 -11.8646 -17.3755 24.1756
25.7 -14.0261 -16.5931 31.8139
25.75 -13.9111 -10.8727 37.0801
25.8 -11.2309 -4.21101 36.8163
25.85 -7.5912 -0.585661 33.1597
25.9 -4.56976 0.385015 29.015
25.95 -2.63429 0.236636 25.3397
26 -1.59526 -0.193518 22.1778
26.05 -1.1424 -0.648786 19.4393
26.1 -1.04952 -1.12828 17.0607
26.15 -1.20223 -1.72381 15.0084
26.2 -1.57761 -2.57321 13.2766
26.25 -2.22687 -3.86882 11.9075
26.3 -3.2733 -5.88368 11.0499
26.35 -4.91767 -8.96775 11.0971
26.4 -7.41077 -13.3629 12.9555
26.45 -10.8527 -18.4077 18.2538
26.5 -14.5289 -20.8281 28.0719
26.55 -16.1292 -15.5776 38.2738
26.6 -13.6549 -5.13209 40.7752
26.65 -8.72309 1.44553 36.4351
26.7 -4.23892 3.23779 31.1431
26.75 -1.2752 3.23419 26.8676
26.8 0.452153 3.05507 23.4763
26.85 1.49413 3.21757 20.7014
26.9 2.29044 3.86031 18.4378
26.95 3.14421 5.06847 16.7082
27 4.28156 6.97298 15.6724
27.05 5.89723 9.71341 15.7124
27.1 8.12952 13.2008 17.548
27.15 10.875 16.5113 22.0937
27.2 13.3852 17.2439 29.224
27.25 14.1564 13.1124 35.6896
27.3 12.283 6.32482 37.2712
27.35 8.83335 1.62368 34.4521
27.4 5.56292 -0.0595423 30.3555
27.45 3.29922 -0.165985 26.5339
27.5 2.01452 0.228868 23.2274
27.55 1.41736 0.720563 20.3685
27.6 1.25567 1.25253 17.8898
27.65 1.38827 1.90506 15.7562
27.7 1.77544 2.82011 13.966
27.75 2.46083 4.19714 12.5718
27.8 3.56513 6.31085 11.7446
27.85 5.28424 9.48944 11.9192
27.9 7.84446 13.881 14.0512
27.95 11.2635 18.5847 19.7053
28 14.6685 20.1211 29.452
28.05 15.7568 14.1965 38.5547
28.1 13.0025 4.41308 39.9966
28.15 8.24329 -1.29732 35.5894
28.2 4.08539 -2.78155 30.5315
28.25 1.37613 -2.72746 26.392
28.3 -0.188707 -2.53203 23.0432
28.35 -1.11854 -2.63866 20.2567
28.4 -1.81226 -3.16494 17.9334
28.45 -2.54364 -4.1895 16.0736
28.5 -3.5209 -5.85096 14.7824
28.55 -4.93966 -8.34786 14.3473
28.6 -6.98953 -11.8004 15.3872
28.65 -9.73938 -15.7704 18.9436
28.7 -12.7632 -18.3112 25.8087
28.75 -14.6511 -16.074 34.0499
28.8 -13.7357 -8.89439 38.2851
28.85 -10.3285 -2.33306 36.5317
28.9 -6.46907 0.524448 32.2309
28.95 -3.56392 1.03258 28.0122
29 -1.80331 0.767726 24.4092
29.05 -0.870121 0.417663 21.3315
29.1 -0.423257 0.161201 18.6646
29.15 -0.232023 -0.00446002 16.3371
29.2 -0.169153 -0.122794 14.3014
29.25 -0.174911 -0.236119 12.5202
29.3 -0.228556 -0.382268 10.9626
29.35 -0.332881 -0.603374 9.60261
29.4 -0.509367 -0.959201 8.42106
29.45 -0.801521 -1.54582 7.40972
29.5 -1.28616 -2.52401 6.58519
29.55 -2.09446 -4.16212 6.02794
29.6 -3.44422 -6.8872 5.99088
29.65 -5.67132 -11.2685 7.18228
29.7 -9.17196 -17.5546 11.3435
29.75 -13.8918 -23.6356 21.394
29.8 -17.7584 -21.9438 36.6312
29.85 -16.6034 -8.26493 44.766
29.9 -10.6113 3.21632 40.4151
29.95 -4.31333 6.40234 33.6377
30 -0.0482752 6.45141 28.8689
30.05 2.45008 6.23424 25.6773
30.1 3.97703 6.5189 23.457
30.15 5.14693 7.41388 22.0294
30.2 6.32869 8.84603 21.4746
30.25 7.69159 10.6133 22.0095
30.3 9.21038 12.2656 23.8393
30.35 10.6193 13.0244 26.8277
30.4 11.4298 12.1205 30.0825
30.45 11.2041 9.64791 32.1575
30.5 9.97509 6.82687 32.2081
30.55 8.27969 4.86171 30.6315
30.6 6.72701 4.0456 28.3284
30.65 5.6616 4.10165 25.9456
30.7 5.16693 4.7295 23.8086
30.75 5.20767 5.78577 22.1024
30.8 5.7338 7.24396 21.0068
30.85 6.7108 9.08577 20.7671
30.9 8.08528 11.1451 21.7023
30.95 9.69067 12.9067 24.0614
31 11.1279 13.4439 27.596
31.05 11.7877 11.9707 31.0962
31.1 11.2321 8.9293 32.8953
31.15 9.65738 5.92724 32.3817
31.2 7.7602 4.11819 30.3285
31.25 6.17018 3.53772 27.7505
31.3 5.16552 3.77762 25.2335
31.35 4.7671 4.53276 23.0352
31.4 4.91075 5.6969 21.3095
31.45 5.54463 7.28196 20.2339
31.5 6.6461 9.29576 20.079
31.55 8.17335 11.5654 21.2187
31.6 9.94895 13.4902 23.9602
31.65 11.5101 13.9579 28.0041
31.7 12.1405 12.0663 31.861
31.75 11.3673 8.50147 33.5878
31.8 9.50609 5.24443 32.6989
31.85 7.39966 3.46133 30.2769
31.9 5.71701 2.99457 27.4511
31.95 4.69743 3.32341 24.7744
32 4.31579 4.12609 22.4557
32.05 4.48318 5.31863 20.6177
32.1 5.14475 6.94884 19.423
32.15 6.29285 9.07313 19.1477
32.2 7.91658 11.5766 20.217
32.25 9.87477 13.8765 23.0697
32.3 11.7013 14.7069 27.5666
32.35 12.5659 12.8078 32.1275
32.4 11.82 8.74933 34.3372
32.45 9.75496 4.94357 33.4471
32.5 7.36449 2.88282 30.7692
32.55 5.44767 2.33771 27.6735
32.6 4.26976 2.63885 24.7672
32.65 3.77747 3.39017 22.2336
32.7 3.84899 4.49219 20.1556
32.75 4.41144 6.01336 18.6519
32.8 5.46308 8.07582 17.953
32.85 7.03864 10.7116 18.4753
32.9 9.10431 13.5751 20.8123
32.95 11.3405 15.5116 25.3201
33 12.9158 14.6848 30.9709
33.05 12.7984 10.5613 34.8634
33.1 10.8362 5.6488 34.9583
33.15 8.06996 2.58897 32.3261
33.2 5.64104 1.54949 28.9072
33.25 4.02624 1.63473 25.6413
33.3 3.19952 2.21613 22.7586
33.35 2.98896 3.07922 20.297
33.4 3.26376 4.25519 18.2975
33.45 3.98549 5.89355 16.8733
33.5 5.20072 8.18014 16.2825
33.55 6.99684 11.1987 17.0324
33.6 9.37854 14.5673 19.9098
33.65 11.9791 16.801 25.4557
33.7 13.7256 15.4283 32.2935
33.75 13.2996 9.97652 36.4808
33.8 10.6973 4.20141 35.8298
33.85 7.39741 1.13351 32.3862
33.9 4.71099 0.329601 28.5165
33.95 3.013 0.53176 25.0284
34 2.14445 1.05531 21.9994
34.05 1.85178 1.70466 19.3826
34.1 1.96112 2.51944 17.1523
34.15 2.4079 3.64524 15.3271
34.2 3.22545 5.29602 14.004
34.25 4.53088 7.73895 13.4412
34.3 6.4982 11.1965 14.2196
34.35 9.24704 15.433 17.4142
34.4 12.4804 18.7391 24.1616
34.45 14.8636 17.4271 33.1912
34.5 14.4093 10.1254 38.7767
34.55 11.0073 2.55532 37.5775
34.6 6.81564 -0.938473 33.1072
34.65 3.56197 -1.63617 28.6498
34.7 1.55216 -1.42501 24.9021
34.75 0.44479 -1.15316 21.7431
34.8 -0.155738 -1.06276 19.0278
34.85 -0.531689 -1.19293 16.6752
34.9 -0.860763 -1.55929 14.642
34.95 -1.26466 -2.22045 12.911
35 -1.85499 -3.30784 11.5031
35.05 -2.77134 -5.05058 10.521
35.1 -4.21267 -7.78715 10.2583
35.15 -6.44435 -11.8683 11.44
35.2 -9.68614 -17.1062 15.5561
35.25 -13.6051 -21.1649 24.3788
35.3 -16.3037 -18.556 35.9462
35.35 -15.0343 -8.13093 41.5514
35.4 -10.2879 0.556786 38.369
35.45 -5.25816 3.49066 32.7628
35.5 -1.72119 3.74662 28.1135
35.55 0.38242 3.54525 24.5206
35.6 1.63168 3.64958 21.6462
35.65 2.53593 4.26116 19.3387
35.7 3.44888 5.46295 17.6107
35.75 4.62019 7.35678 16.6272
35.8 6.24183 10.0254 16.7722
35.85 8.41959 13.2842 18.7193
35.9 10.9905 16.1274 23.1961
35.95 13.1845 16.3439 29.7668
36 13.6685 12.2728 35.3093
36.05 11.8077 6.21775 36.4161
36.1 8.64009 2.09977 33.7462
36.15 5.68159 0.603353 29.9298
36.2 3.6414 0.534775 26.3039
36.25 2.50789 0.987286 23.1274
36.3 2.04155 1.61985 20.3788
36.35 2.03824 2.40811 18.0274
36.4 2.39903 3.47059 16.0827
36.45 3.12839 5.0035 14.6238
36.5 4.31922 7.25851 13.8686
36.55 6.12837 10.4675 14.3139
36.6 8.68845 14.5185 16.9071
36.65 11.8143 18.0931 22.8049
36.7 14.4278 17.9075 31.435
36.75 14.6074 11.7307 37.9332
36.8 11.745 3.94532 37.9598
36.85 7.65437 -0.262704 33.9196
36.9 4.24355 -1.34105 29.4337
36.95 2.05609 -1.2175 25.5788
37 0.839589 -0.896415 22.3231
37.05 0.207377 -0.691916 19.5232
37.1 -0.131482 -0.652948 17.0894
37.15 -0.355715 -0.769992 14.9677
37.2 -0.572073 -1.05028 13.122
37.25 -0.856594 -1.54318 11.5297
37.3 -1.28679 -2.35692 10.1902
37.35 -1.96914 -3.68334 9.14958
37.4 -3.06784 -5.83154 8.5688
37.45 -4.83232 -9.23296 8.89361
37.5 -7.58278 -14.2327 11.215
37.55 -11.4733 -20.0598 17.6176
37.6 -15.6036 -22.4279 29.4766
37.65 -16.9722 -14.9728 40.851
37.7 -13.4471 -2.60127 41.95
37.75 -7.63151 3.66868 36.2251
37.8 -2.83498 4.88198 30.6735
37.85 0.175783 4.71719 26.5974
37.9 1.93853 4.68333 23.5396
37.95 3.10324 5.18471 21.1978
38 4.13967 6.31065 19.5335
38.05 5.35158 8.09082 18.7017
38.1 6.92257 10.4771 19.0507
38.15 8.89081 13.1149 21.0889
38.2 11.0046 14.9758 25.1244
38.25 12.5506 14.438 30.3066
38.3 12.6024 10.8863 34.1336
38.35 10.9333 6.32759 34.5966
38.4 8.39889 3.24514 32.3591
38.45 6.06881 2.06517 29.1662
38.5 4.46666 2.05947 26.0113
38.55 3.6277 2.62303 23.1973
38.6 3.41504 3.52256 20.8019
38.65 3.71095 4.76957 18.8929
38.7 4.47737 6.49273 17.6123
38.75 5.74918 8.83522 17.2523
38.8 7.5787 11.779 18.3372
38.85 9.8902 14.757 21.555
38.9 12.198 16.1707 27.0608
38.95 13.4235 14.0192 33.0082
39 12.5723 8.76828 35.9255
39.05 9.97762 3.92807 34.7044
39.1 7.01079 1.53109 31.3747
39.15 4.69753 0.987192 27.7722
39.2 3.2868 1.29012 24.509
39.25 2.63058 1.92521 21.6687
39.3 2.5274 2.77301 19.2455
39.35 2.85595 3.91438 17.2635
39.4 3.5978 5.52793 15.8214
39.45 4.8236 7.83557 15.1655
39.5 6.65578 10.9893 15.8147
39.55 9.15561 14.7072 18.6552
39.6 12.0177 17.5029 24.5038
39.65 14.1176 16.4652 32.2071
39.7 13.8598 10.5134 37.2642
39.75 11.0615 3.89792 36.7304
39.8 7.39917 0.429481 32.9664
39.85 4.41414 -0.448276 28.8183
39.9 2.52271 -0.271082 25.1626
39.95 1.51424 0.157056 22.0198
40 1.07608 0.597787 19.2971
40.05 0.984812 1.05556 16.9307
40.1 1.12823 1.62074 14.8857
40.15 1.48335 2.42617 13.1532
40.2 2.09882 3.65687 11.7678
40.25 3.09328 5.5782 10.861
40.3 4.66299 8.54189 10.7891
40.35 7.06436 12.8376 12.3937
40.4 10.4456 17.9878 17.2685
40.45 14.2339 21.0398 26.7899
40.5 16.2404 16.6728 37.5736
40.55 14.1583 6.10488 41.1255
40.6 9.25365 -1.19577 37.1069
40.65 4.57129 -3.34277 31.6934
40.7 1.41408 -3.41439 27.2947
40.75 -0.437907 -3.22585 23.8372
40.8 -1.54865 -3.37085 21.0291
40.85 -2.38195 -4.00712 18.751
40.9 -3.25797 -5.21878 17.0236
40.95 -4.41075 -7.12699 16.0103
41 -6.03394 -9.85107 16.0965
41.05 -8.25354 -13.2642 17.9902
41.1 -10.9412 -16.4009 22.5393
41.15 -13.3321 -16.9124 29.4864
41.2 -13.9792 -12.7589 35.5936
41.25 -12.0896 -6.23576 36.9574
41.3 -8.73613 -1.77157 34.1709
41.35 -5.5837 -0.17273 30.1732
41.4 -3.40812 -0.0858895 26.4233
41.45 -2.18366 -0.502751 23.1636
41.5 -1.63733 -1.0455 20.3427
41.55 -1.53522 -1.67115 17.9056
41.6 -1.75266 -2.47586 15.8315
41.65 -2.26787 -3.62575 14.1435
41.7 -3.14668 -5.35152 12.9479
41.75 -4.53415 -7.94572 12.5291
41.8 -6.63221 -11.6552 13.5399
41.85 -9.57579 -16.1939 17.2051
41.9 -13.0058 -19.5322 24.7754
41.95 -15.3525 -17.4471 34.4966
42 -14.459 -9.04503 39.6983
42.05 -10.5545 -1.33276 37.6081
42.1 -6.13876 1.78234 32.7249
42.15 -2.87575 2.25025 28.2178
42.2 -0.905032 2.01638 24.5244
42.25 0.201084 1.8602 21.4431
42.3 0.870086 1.99575 18.8219
42.35 1.40278 2.48109 16.5962
42.4 2.00392 3.38887 14.7618
42.45 2.84152 4.86853 13.3895
42.5 4.09614 7.15928 12.6969
42.55 5.9817 10.5208 13.2057
42.6 8.68233 14.8859 15.9646
42.65 12.0443 18.8593 22.3563
42.7 14.8943 18.6781 31.885
42.75 15.0284 11.6709 38.9349
42.8 11.7912 3.11054 38.6123
42.85 7.32132 -1.18432 34.0793
42.9 3.7038 -2.14632 29.3805
42.95 1.42261 -1.99214 25.4814
43 0.134571 -1.76653 22.2453
43.05 -0.605564 -1.78505 19.4961
43.1 -1.12881 -2.12161 17.1469
43.15 -1.65568 -2.82899 15.1715
43.2 -2.35229 -4.02222 13.6014
43.25 -3.38398 -5.90831 12.572
43.3 -4.95104 -8.76915 12.4381
43.35 -7.27706 -12.7862 13.9911
43.4 -10.4425 -17.375 18.6062
43.45 -13.8464 -19.8214 27.2177
43.5 -15.5611 -15.8138 36.6385
43.55 -13.712 -6.64121 39.8767
43.6 -9.36557 -0.00499427 36.5008
43.65 -5.1125 2.18009 31.5143
43.7 -2.17974 2.33004 27.2095
43.75 -0.460685 2.08134 23.6942
43.8 0.513386 2.01462 20.7499
43.85 1.14688 2.27943 18.2497
43.9 1.71668 2.93307 16.1506
43.95 2.4192 4.0736 14.4766
44 3.42975 5.88373 13.3531
44.05 4.94385 8.6159 13.1111
44.1 7.17109 12.4296 14.4782
44.15 10.1872 16.7971 18.7045
44.2 13.4586 19.2986 26.6781
44.25 15.2528 15.9688 35.7086
44.3 13.753 7.48748 39.3636
44.35 9.73215 0.819874 36.5569
44.4 5.60168 -1.61137 31.7756
44.45 2.67117 -1.87368 27.4766
44.5 0.938808 -1.60506 23.914
44.55 -0.0149236 -1.42638 20.9056
44.6 -0.57435 -1.49534 18.3223
44.65 -1.00066 -1.84696 16.101
44.7 -1.46664 -2.53299 14.2208
44.75 -2.11124 -3.67532 12.7078
44.8 -3.08672 -5.49164 11.6807
44.85 -4.59252 -8.29211 11.4638
44.9 -6.87299 -12.3425 12.8172
44.95 -10.0774 -17.2515 17.1784
45 -13.7325 -20.4722 25.8938
45.05 -15.9143 -17.1053 36.3258
45.1 -14.337 -7.34996 40.6487
45.15 -9.81323 0.214007 37.3773
45.2 -5.20756 2.75294 32.1194
45.25 -1.99513 2.96257 27.6491
45.3 -0.0949983 2.74143 24.0814
45.35 1.01024 2.75901 21.1478
45.4 1.77424 3.19465 18.7096
45.45 2.51267 4.12654 16.7459
45.5 3.45395 5.67377 15.3428
45.55 4.79749 8.01473 14.7534
45.6 6.73113 11.2746 15.5295
45.65 9.34186 15.1172 18.6214
45.7 12.2965 17.8898 24.8724
45.75 14.3658 16.4619 32.8872
45.8 13.8879 9.98191 37.7592
45.85 10.8345 3.26671 36.7718
45.9 7.05092 -0.0140811 32.7528
45.95 4.06201 -0.749854 28.5421
46 2.2017 -0.534264 24.8886
46.05 1.21083 -0.139723 21.76
46.1 0.758767 0.215774 19.0494
46.15 0.614403 0.534304 16.6867
46.2 0.655686 0.884294 14.6276
46.25 0.840845 1.35682 12.8433
46.3 1.1857 2.07084 11.3234
46.35 1.75713 3.19991 10.0929
46.4 2.68236 5.00934 9.2603
46.45 4.16833 7.88182 9.13871
46.5 6.50556 12.223 10.5197
46.55 9.94416 17.8438 15.0767
46.6 14.1096 22.0709 24.8171
46.65 16.8204 18.6377 37.2617
46.7 15.0824 6.94752 42.4339
46.75 9.80904 -1.8052 38.3594
46.8 4.55619 -4.37205 32.48
46.85 0.989868 -4.47057 27.8987
46.9 -1.11247 -4.30008 24.4641
46.95 -2.39884 -4.54658 21.7918
47 -3.39872 -5.37674 19.7537
47.05 -4.46836 -6.85082 18.4192
47.1 -5.84372 -9.0074 18.0422
47.15 -7.65978 -11.7373 19.0945
47.2 -9.86373 -14.433 22.1588
47.25 -11.9968 -15.6081 27.2634
47.3 -13.0874 -13.5564 32.6598
47.35 -12.2854 -8.78655 35.3077
47.4 -9.90521 -4.34829 34.2354
47.45 -7.16351 -2.06596 31.1644
47.5 -4.99963 -1.51171 27.749
47.55 -3.67481 -1.81399 24.6099
47.6 -3.08119 -2.50181 21.873
47.65 -3.04987 -3.46431 19.5671
47.7 -3.48079 -4.78388 17.7528
47.75 -4.36751 -6.63121 16.5849
47.8 -5.7777 -9.17769 16.3969
47.85 -7.78895 -12.3985 17.8034
47.9 -10.3156 -15.5945 21.6123
47.95 -12.7639 -16.8116 27.9149
48 -13.8492 -13.812 34.2778
48.05 -12.5519 -7.72594 36.7298
48.1 -9.51617 -2.79601 34.7489
48.15 -6.34456 -0.688212 30.9827
48.2 -4.0131 -0.361326 27.2223
48.25 -2.64323 -0.725148 23.9056
48.3 -2.00921 -1.30347 21.0317
48.35 -1.87802 -2.00804 18.5574
48.4 -2.1161 -2.92569 16.4722
48.45 -2.69665 -4.22923 14.8196
48.5 -3.68565 -6.15559 13.7463
48.55 -5.22606 -8.97396 13.6124
48.6 -7.49067 -12.802 15.1779
48.65 -10.4966 -16.9762 19.6616
48.7 -13.6092 -18.9353 27.6724
48.75 -15.0686 -15.0635 36.1007
48.8 -13.3138 -6.81635 38.957
48.85 -9.33571 -0.7591 35.9338
48.9 -5.41296 1.36362 31.2777
48.95 -2.67551 1.54527 27.1013
49 -1.07604 1.25227 23.607
49.05 -0.215151 1.02957 20.6337
49.1 0.260863 1.00532 18.0645
49.15 0.585699 1.19356 15.8353
49.2 0.905731 1.61614 13.9108
49.25 1.32857 2.34753 12.2804
49.3 1.96464 3.53996 10.9761
49.35 2.96216 5.44884 10.1253
49.4 4.53616 8.43811 10.0818
49.45 6.96505 12.8372 11.7025
49.5 10.4309 18.2215 16.6682
49.55 14.3831 21.5565 26.5612
49.6 16.5266 17.0653 37.9518
49.65 14.3523 5.88036 41.6556
49.7 9.20793 -1.70929 37.3592
49.75 4.34198 -3.83654 31.7766
49.8 1.08921 -3.87513 27.3582
49.85 -0.819098 -3.70963 23.948
49.9 -1.98528 -3.93393 21.2247
49.95 -2.89477 -4.70197 19.0763
50 -3.8794 -6.0927 17.5555
50.05 -5.17464 -8.19961 16.884
50.1 -6.95063 -11.0392 17.5238
50.15 -9.24615 -14.2183 20.1861
50.2 -11.7353 -16.3642 25.3496
50.25 -13.4443 -15.2244 31.7849
50.3 -13.1537 -10.2571 35.9285
50.35 -10.786 -4.74339 35.5838
50.4 -7.66106 -1.635 32.4197
50.45 -5.04679 -0.734795 28.6853
50.5 -3.36553 -0.898508 25.2551
50.55 -2.50631 -1.44949 22.261
50.6 -2.24243 -2.18298 19.683
50.65 -2.4143 -3.1387 17.5156
50.7 -2.96828 -4.4718 15.8085
50.75 -3.94834 -6.4036 14.7161
50.8 -5.47486 -9.17014 14.6016
50.85 -7.68703 -12.8235 16.1936
50.9 -10.5518 -16.6329 20.5719
50.95 -13.4108 -18.1748 28.077
51 -14.6463 -14.4007 35.6757
51.05 -12.9526 -6.89653 38.1755
51.1 -9.27168 -1.34852 35.4055
51.15 -5.6326 0.685903 31.0338
51.2 -3.07227 0.881302 26.9958
51.25 -1.58334 0.549732 23.5545
51.3 -0.823735 0.195393 20.5986
51.35 -0.484883 -0.0771609 18.0294
51.4 -0.373066 -0.296994 15.7858
51.45 -0.390604 -0.523234 13.8254
51.5 -0.503004 -0.821416 12.1161
51.55 -0.717619 -1.27141 10.6357
51.6 -1.077 -1.98869 9.37824
51.65 -1.6655 -3.15603 8.37387
51.7 -2.62808 -5.06541 7.74206
51.75 -4.19787 -8.14942 7.83148
51.8 -6.70485 -12.8739 9.54717
51.85 -10.4304 -18.9875 14.8436
51.9 -14.8887 -23.1874 25.9697
51.95 -17.4246 -18.1657 39.299
52 -14.8697 -4.90506 43.2802
52.05 -8.93181 3.44219 37.9864
52.1 -3.51974 5.40318 31.9491
52.15 -0.0064272 5.31728 27.5819
52.2 2.04923 5.20606 24.429
52.25 3.35701 5.62022 22.0829
52.3 4.44726 6.66236 20.4573
52.35 5.65392 8.32793 19.6839
52.4 7.1603 10.5143 20.0707
52.45 8.98377 12.8266 22.026
52.5 10.8642 14.3113 25.6967
52.55 12.1631 13.6519 30.1997
52.6 12.1321 10.5095 33.4205
52.65 10.6383 6.58285 33.7873
52.7 8.40887 3.86526 31.8259
52.75 6.34295 2.77195 28.9479
52.8 4.91136 2.76596 26.0378
52.85 4.17867 3.35278 23.4245
52.9 4.05083 4.32907 21.2318
52.95 4.43902 5.69903 19.5727
53 5.31395 7.55485 18.6414
53.05 6.69059 9.94499 18.7826
53.1 8.54941 12.6452 20.5067
53.15 10.6647 14.7928 24.2271
53.2 12.3867 14.8055 29.3899
53.25 12.7564 11.7016 33.7024
53.3 11.3465 7.06917 34.801
53.35 8.86278 3.61032 32.8982
53.4 6.42508 2.13058 29.7587
53.45 4.672 1.97181 26.5505
53.5 3.70027 2.45997 23.6587
53.55 3.38242 3.30017 21.1762
53.6 3.58835 4.47113 19.1627
53.65 4.26411 6.08908 17.7391
53.7 5.43433 8.30674 17.1611
53.75 7.15778 11.164 17.9054
53.8 9.40504 14.248 20.6614
53.85 11.7986 16.1719 25.8069
53.9 13.3556 14.8167 31.9858
53.95 12.9424 9.9075 35.7584
54 10.5791 4.67441 35.2426
54.05 7.55707 1.7737 32.1181
54.1 5.0582 0.953354 28.4726
54.15 3.46523 1.14633 25.1165
54.2 2.6706 1.72998 22.1839
54.25 2.46399 2.52313 19.6684
54.3 2.70204 3.5773 17.581
54.35 3.34479 5.05594 15.997
54.4 4.44632 7.17915 15.1168
54.45 6.12566 10.1404 15.3813
54.5 8.48187 13.8261 17.6007
54.55 11.3447 17.1205 22.7375
54.6 13.8097 17.3019 30.3792
54.65 14.2389 12.2835 36.6203
54.7 11.9237 5.22544 37.3846
54.75 8.25307 0.887032 34.0287
54.8 4.99846 -0.460776 29.8012
54.85 2.8334 -0.433117 25.9967
54.9 1.63066 -0.0356467 22.7312
54.95 1.06791 0.388696 19.9083
55 0.889765 0.803253 17.4534
55.05 0.954208 1.27916 15.3221
55.1 1.21302 1.92953 13.493
55.15 1.68974 2.90886 11.9748
55.2 2.47284 4.43965 10.8392
55.25 3.72371 6.84026 10.3051
55.3 5.68271 10.4865 10.9317
55.35 8.60583 15.4618 13.9496
55.4 12.4153 20.3114 21.2327
55.45 15.7787 20.3001 32.6067
55.5 15.8716 11.6108 40.8806
55.55 11.8933 1.44848 39.8546
55.6 6.67138 -2.98784 34.3962
55.65 2.64759 -3.73252 29.3854
55.7 0.173361 -3.5438 25.5112
55.75 -1.26805 -3.51582 22.4374
55.8 -2.22632 -3.9534 19.9526
55.85 -3.09742 -4.95139 18.0225
55.9 -4.15516 -6.60397 16.7575
55.95 -5.60815 -9.02005 16.458
56 -7.60399 -12.1582 17.7043
56.05 -10.1071 -15.3706 21.2927
56.1 -12.5883 -16.8008 27.4139
56.15 -13.8149 -14.1492 33.8671
56.2 -12.7027 -8.19565 36.6714
56.25 -9.76198 -3.10284 34.9562
56.3 -6.57341 -0.81364 31.2608
56.35 -4.17945 -0.397361 27.4879
56.4 -2.75104 -0.733518 24.1443
56.45 -2.07678 -1.30852 21.2453
56.5 -1.92145 -2.01518 18.749
56.55 -2.14544 -2.93299 16.6446
56.6 -2.71653 -4.23175 14.9751
56.65 -3.69636 -6.14559 13.8855
56.7 -5.22394 -8.93994 13.7311
56.75 -7.46831 -12.7304 15.2596
56.8 -10.4462 -16.8677 19.6677
56.85 -13.5369 -18.8464 27.5632
56.9 -15.0151 -15.1016 35.9315
56.95 -13.3249 -6.97128 38.8678
57 -9.40423 -0.905861 35.9458
57.05 -5.50268 1.26071 31.3282
57.1 -2.76512 1.46303 27.1558
57.15 -1.16271 1.16704 23.656
57.2 -0.304963 0.92448 20.6749
57.25 0.158036 0.864705 18.0962
57.3 0.4569 0.997019 15.8546
57.35 0.733021 1.33263 13.9111
57.4 1.08531 1.92805 12.2465
57.45 1.60981 2.90783 10.8723
57.5 2.43294 4.49024 9.86629
57.55 3.74229 7.01129 9.46668
57.6 5.80457 10.8767 10.2894
57.65 8.89814 16.1551 13.7058
57.7 12.9091 21.1265 21.773
57.75 16.2767 20.4022 33.951
57.8 15.9222 10.4479 41.8408
57.85 11.4091 0.17451 39.7907
57.9 5.98167 -3.76984 33.9683
57.95 1.98316 -4.26929 29.012
58 -0.43198 -4.06559 25.2777
58.05 -1.85962 -4.14073 22.3634
58.1 -2.86599 -4.75123 20.0741
58.15 -3.84648 -5.97682 18.4167
58.2 -5.06819 -7.88662 17.5697
58.25 -6.71321 -10.4921 17.9252
58.3 -8.84106 -13.4815 20.102
58.35 -11.2069 -15.7357 24.5893
58.4 -13.0056 -15.2685 30.5591
58.45 -13.1 -11.1589 35.0139
58.5 -11.178 -5.86679 35.4556
58.55 -8.2818 -2.45168 32.8255
58.6 -5.67566 -1.24901 29.2814
58.65 -3.91446 -1.27346 25.8923
58.7 -2.97986 -1.80673 22.9026
58.75 -2.67942 -2.59159 20.3319
58.8 -2.85906 -3.6416 18.1961
58.85 -3.46214 -5.1015 16.5706
58.9 -4.52643 -7.17635 15.6509
58.95 -6.15461 -10.0421 15.8581
59 -8.42999 -13.5782 17.951
59.05 -11.1821 -16.7322 22.8106
59.1 -13.5639 -16.9903 30.0488
59.15 -14.051 -12.3841 36.0952
59.2 -11.9339 -5.6767 37.071
59.25 -8.44845 -1.35959 33.9948
59.3 -5.28433 0.0755682 29.9062
59.35 -3.14699 0.0908934 26.1496
59.4 -1.95808 -0.32866 22.9013
59.45 -1.42507 -0.833726 20.0908
59.5 -1.30965 -1.39128 17.656
59.55 -1.48507 -2.09291 15.5678
59.6 -1.9244 -3.09093 13.8329
59.65 -2.68374 -4.59848 12.522
59.7 -3.89708 -6.9037 11.846
59.75 -5.76994 -10.3226 12.3229
59.8 -8.51001 -14.8762 15.0382
59.85 -12.0153 -19.2447 21.5535
59.9 -15.1206 -19.4331 31.6663
59.95 -15.4199 -12.127 39.4604
60 -12.0508 -2.85939 39.2468
60.05 -7.30399 1.73167 34.4479
60.1 -3.46964 2.71564 29.5787
60.15 -1.05745 2.56347 25.6299
60.2 0.322204 2.39893 22.4042
60.25 1.15844 2.55811 19.7028
60.3 1.81546 3.13318 17.447
60.35 2.54343 4.20675 15.6471
60.4 3.54019 5.93025 14.4181
60.45 5.00049 8.51562 14.0665
60.5 7.11675 12.0832 15.2512
60.55 9.94977 16.1389 19.0714
60.6 13.021 18.5615 26.2964
60.65 14.814 15.8698 34.6794
60.7 13.6583 8.30215 38.5719
60.75 10.0556 1.81999 36.4164
60.8 6.14806 -0.826187 31.971
60.85 3.27717 -1.2266 27.7467
60.9 1.55855 -0.947264 24.1689
60.95 0.64417 -0.635937 21.1182
61 0.185343 -0.455489 18.4764
61.05 -0.0516666 -0.408313 16.1725
61.1 -0.201579 -0.472535 14.1595
61.15 -0.340864 -0.645611 12.4018
61.2 -0.521433 -0.956687 10.8721
61.25 -0.794603 -1.47579 9.55437
61.3 -1.23079 -2.33154 8.45343
61.35 -1.94128 -3.74268 7.62452
61.4 -3.10673 -6.06035 7.25184
61.45 -5.00729 -9.77529 7.85158
61.5 -8.00208 -15.2559 10.7096
61.55 -12.2269 -21.438 18.2611
61.6 -16.4785 -22.9532 31.6414
61.65 -17.198 -13.1972 42.7505
61.7 -12.7043 -0.304842 41.9387
61.75 -6.47891 5.00338 35.4675
61.8 -1.73681 5.70964 30.0641
61.85 1.14308 5.47668 26.292
61.9 2.84499 5.55791 23.555
61.95 4.03469 6.23894 21.5784
62 5.15961 7.54618 20.3765
62.05 6.48205 9.41903 20.1564
62.1 8.10612 11.6228 21.2639
62.15 9.92337 13.5171 23.9917
62.2 11.5011 13.967 28.0302
62.25 12.1355 12.0619 31.881
62.3 11.3607 8.48964 33.5977
62.35 9.49731 5.2328 32.6992
62.4 7.39048 3.45321 30.2714
62.45 5.70894 2.98949 27.4431
62.5 4.69095 3.32008 24.7653
62.55 4.31077 4.12372 22.4462
62.6 4.47936 5.31702 20.608
62.65 5.14201 6.94827 19.4134
62.7 6.2913 9.07427 19.1385
62.75 7.91661 11.5803 20.2094
62.8 9.87685 13.8829 23.0659
62.85 11.7053 14.7139 27.5691
62.9 12.5703 12.8107 32.1355
62.95 11.8224 8.74553 34.3457
63 9.75397 4.93594 33.4517
63.05 7.36078 2.87503 30.7697
63.1 5.44255 2.33088 27.6712
63.15 4.26412 2.63262 24.7632
63.2 3.77161 3.38389 22.2281
63.25 3.84286 4.48535 20.1486
63.3 4.40486 6.00576 18.6427
63.35 5.45598 8.0678 17.9409
63.4 7.03133 10.7047 18.4593
63.45 9.09795 13.5726 20.7925
63.5 11.3375 15.5182 25.3004
63.55 12.9188 14.7009 30.9606
63.6 12.8069 10.577 34.8682
63.65 10.8454 5.6541 34.9719
63.7 8.07548 2.58494 32.3395
63.75 5.64176 1.54122 28.9172
63.8 4.02303 1.62483 25.6479
63.85 3.19341 2.2049 22.7622
63.9 2.98043 3.06586 20.2975
63.95 3.25265 4.23845 18.2941
64 3.97122 5.87218 16.8641
64.05 5.18253 8.15364 16.2639
64.1 6.97463 11.1696 16.9988
64.15 9.35464 14.5455 19.856
64.2 11.9613 16.8068 25.3882
64.25 13.726 15.4746 32.2441
64.3 13.3222 10.0353 36.4809
64.35 10.7286 4.23201 35.865
64.4 7.42184 1.13499 32.4266
64.45 4.72306 0.317442 28.5506
64.5 3.01435 0.514775 25.0558
64.55 2.13798 1.03543 22.0211
64.6 1.83919 1.68039 19.399
64.65 1.94246 2.48762 17.1626
64.7 2.38166 3.60136 15.3291
64.75 3.18868 5.23432 13.9923
64.8 4.47939 7.65365 13.4042
64.85 6.42812 11.088 14.1349
64.9 9.16068 15.3272 17.2497
64.95 12.4007 18.7164 23.9125
65 14.8435 17.5793 32.9709
65.05 14.4818 10.3641 38.7491
65.1 11.125 2.6868 37.6976
65.15 6.91299 -0.919154 33.2444
65.2 3.61741 -1.66124 28.7633
65.25 1.57329 -1.45947 24.9953
65.3 0.443887 -1.18809 21.8227
65.35 -0.170303 -1.09966 19.0977
65.4 -0.556312 -1.2368 16.7382
65.45 -0.895619 -1.6169 14.7008
65.5 -1.31299 -2.301 12.9697
65.55 -1.92315 -3.42439 11.5695
65.6 -2.86942 -5.22126 10.6114
65.65 -4.35471 -8.03243 10.409
65.7 -6.64454 -12.191 11.7255
65.75 -9.93901 -17.4204 16.0926
65.8 -13.83 -21.1762 25.1776
65.85 -16.3121 -17.966 36.5464
65.9 -14.758 -7.41813 41.4621
65.95 -9.93483 0.813635 37.9547
66 -5.01142 3.46443 32.4007
66.05 -1.60117 3.65027 27.8374
66.1 0.417001 3.45275 24.2931
66.15 1.61989 3.57404 21.444
66.2 2.50222 4.19957 19.1505
66.25 3.4066 5.41237 17.4294
66.3 4.5774 7.3202 16.4475
66.35 6.20652 10.0151 16.5929
66.4 8.40375 13.3227 18.5529
66.45 11.0104 16.2326 23.0859
66.5 13.2475 16.4813 29.7775
66.55 13.7476 12.3344 35.4377
66.6 11.8516 6.15192 36.5533
66.65 8.6257 1.9742 33.8207
66.7 5.62198 0.475017 29.9508
66.75 3.55608 0.41172 26.2945
66.8 2.40681 0.85739 23.099
66.85 1.92472 1.46633 20.3334
66.9 1.89854 2.21171 17.9603
66.95 2.22371 3.2076 15.9805
67 2.8991 4.64438 14.4571
67.05 4.01263 6.77323 13.5772
67.1 5.72273 9.85444 13.7833
67.15 8.19054 13.8941 15.9659
67.2 11.3298 17.8513 21.3782
67.25 14.2332 18.613 30.0198
67.3 14.949 13.1367 37.5387
67.35 12.4247 4.86194 38.5992
67.4 8.25699 -0.105619 34.7748
67.45 4.58477 -1.53226 30.1487
67.5 2.16371 -1.49896 26.1546
67.55 0.789343 -1.19788 22.8074
67.6 0.0526288 -1.02545 19.9457
67.65 -0.370778 -1.06196 17.4687
67.7 -0.688764 -1.31758 15.3214
67.75 -1.03467 -1.82696 13.4752
67.8 -1.51513 -2.68565 11.93
67.85 -2.24997 -4.07499 10.7403
67.9 -3.4062 -6.28562 10.0863
67.95 -5.22196 -9.69733 10.4448
68 -7.97401 -14.5178 12.9107
68.05 -11.7086 -19.7302 19.3608
68.1 -15.4003 -21.1294 30.4719
68.15 -16.2938 -13.7111 40.2329
68.2 -12.846 -2.76903 40.7483
68.25 -7.52044 2.75358 35.4733
68.3 -3.15399 3.8892 30.2189
68.35 -0.403271 3.74422 26.1666
68.4 1.19803 3.66686 22.9928
68.45 2.23036 4.0449 20.4442
68.5 3.1237 4.98639 18.4645
68.55 4.17179 6.5759 17.151
68.6 5.59011 8.90824 16.7861
68.65 7.52643 11.939 17.9157
68.7 9.95236 15.0633 21.2888
68.75 12.3789 16.5544 27.1116
68.8 13.6522 14.2119 33.397
68.85 12.7036 8.5776 36.3652
68.9 9.92904 3.52507 34.9336
68.95 6.81912 1.12896 31.4017
69 4.43347 0.632067 27.6865
69.05 2.99103 0.946644 24.3612
69.1 2.30986 1.5449 21.473
69.15 2.16691 2.30855 18.9939
69.2 2.42777 3.31621 16.9253
69.25 3.06449 4.74261 15.3307
69.3 4.14285 6.82214 14.3935
69.35 5.79902 9.78737 14.5361
69.4 8.16837 13.6163 16.5829
69.45 11.1501 17.3194 21.6497
69.5 13.8985 18.079 29.6852
69.55 14.645 13.1611 36.8006
69.6 12.3881 5.47027 38.1008
69.65 8.50203 0.578915 34.6754
69.7 4.97964 -0.958311 30.2387
69.75 2.61509 -0.975542 26.2939
69.8 1.27544 -0.629544 22.946
69.85 0.596713 -0.322226 20.0664
69.9 0.28232 -0.122928 17.561
69.95 0.151268 -0.00265155 15.3716
70 0.109389 0.0797631 13.4559
70.05 0.114213 0.157494 11.7793
70.1 0.151552 0.257995 10.3124
70.15 0.223752 0.411054 9.02998
70.2 0.346196 0.658899 7.91157
70.25 0.549827 1.06984 6.94351
70.3 0.889453 1.75933 6.12551
70.35 1.45963 2.92385 5.49021
70.4 2.42131 4.89179 5.1595
70.45 4.03973 8.17342 5.50206
70.5 6.70761 13.369 7.53279
70.55 10.7961 20.2999 13.5985
70.6 15.7756 24.9763 26.5866
70.65 18.3558 18.2204 41.6864
70.7 14.8768 2.56867 44.6343
70.75 7.99972 -5.6515 37.9166
70.8 2.21184 -7.05474 31.7202
70.85 -1.38721 -6.78714 27.7144
70.9 -3.47504 -6.70517 25.0676
70.95 -4.82932 -7.19921 23.3103
71 -5.96891 -8.25253 22.3654
71.05 -7.16903 -9.70881 22.3514
71.1 -8.50343 -11.2511 23.4394
71.15 -9.84061 -12.3184 25.6388
71.2 -10.8403 -12.217 28.47
71.25 -11.0867 -10.6492 30.8621
71.3 -10.4052 -8.23454 31.7749
71.35 -9.06848 -6.08648 31.0359
71.4 -7.6007 -4.85709 29.251
71.45 -6.42817 -4.54079 27.1084
71.5 -5.74263 -4.89027 25.0452
71.55 -5.57028 -5.71594 23.3084
71.6 -5.87635 -6.93614 22.0856
71.65 -6.61925 -8.50779 21.5874
71.7 -7.74403 -10.3053 22.0706
71.75 -9.12217 -11.9664 23.7562
71.8 -10.462 -12.8071 26.5546
71.85 -11.2892 -12.105 29.6895
71.9 -11.1647 -9.86623 31.8236
71.95 -10.0667 -7.16052 32.0707
72 -8.46422 -5.16996 30.6917
72.05 -6.94338 -4.2728 28.5188
72.1 -5.86567 -4.25426 26.2078
72.15 -5.33832 -4.82633 24.1084
72.2 -5.33956 -5.83513 22.4195
72.25 -5.82216 -7.23952 21.3232
72.3 -6.74812 -9.01028 21.0557
72.35 -8.05981 -10.9827 21.9151
72.4 -9.5944 -12.6727 24.1271
72.45 -10.9763 -13.2234 27.4589
72.5 -11.6375 -11.9002 30.801
72.55 -11.159 -9.06812 32.6011
72.6 -9.6978 -6.18877 32.2218
72.65 -7.892 -4.38799 30.3205
72.7 -6.34832 -3.76794 27.8541
72.75 -5.35558 -3.96963 25.4122
72.8 -4.95213 -4.69945 23.2705
72.85 -5.08437 -5.84385 21.5946
72.9 -5.70225 -7.40021 20.567
72.95 -6.77742 -9.3573 20.4533
73 -8.25678 -11.5235 21.6028
73.05 -9.95242 -13.3028 24.2716
73.1 -11.4105 -13.6554 28.115
73.15 -11.9638 -11.8051 31.7057
73.2 -11.199 -8.44599 33.2765
73.25 -9.42816 -5.39168 32.4124
73.3 -7.43407 -3.70496 30.1017
73.35 -5.84008 -3.26174 27.3892
73.4 -4.87831 -3.59583 24.8096
73.45 -4.53495 -4.41102 22.582
73.5 -4.73275 -5.62583 20.8438
73.55 -5.42165 -7.2753 19.7721
73.6 -6.5881 -9.38473 19.6519
73.65 -8.19998 -11.7826 20.8919
73.7 -10.0775 -13.823 23.8437
73.75 -11.7225 -14.2769 28.1925
73.8 -12.3505 -12.1527 32.2825
73.85 -11.4596 -8.27628 33.9888
73.9 -9.43389 -4.86218 32.8965
73.95 -7.20333 -3.084 30.2727
74 -5.46053 -2.6695 27.3111
74.05 -4.4225 -3.03386 24.5435
74.1 -4.03778 -3.84525 22.1504
74.15 -4.20276 -5.03052 20.2348
74.2 -4.85991 -6.65697 18.9454
74.25 -6.00999 -8.8129 18.552
74.3 -7.66396 -11.4349 19.4988
74.35 -9.71638 -13.993 22.3097
74.4 -11.727 -15.1735 27.009
74.45 -12.8131 -13.4447 32.0715
74.5 -12.1776 -9.13621 34.7653
74.55 -10.0313 -4.90405 34.0127
74.6 -7.45295 -2.57475 31.2197
74.65 -5.35481 -1.92761 27.9587
74.7 -4.04228 -2.18493 24.9045
74.75 -3.45043 -2.88259 22.2317
74.8 -3.4334 -3.89625 19.9976
74.85 -3.8995 -5.2943 18.287
74.9 -4.84086 -7.22602 17.2848
74.95 -6.31016 -9.80954 17.3585
75 -8.34086 -12.8953 19.122
75.05 -10.7531 -15.5907 23.219
75.1 -12.845 -15.9425 29.2763
75.15 -13.4137 -12.4063 34.5787
75.2 -11.8173 -6.81971 35.9581
75.25 -8.90386 -2.75362 33.6865
75.3 -6.07343 -1.13341 30.1004
75.35 -4.06726 -0.981701 26.5742
75.4 -2.93907 -1.43295 23.449
75.45 -2.49095 -2.13465 20.746
75.5 -2.53937 -3.05475 18.4605
75.55 -2.99739 -4.3154 16.633
75.6 -3.87897 -6.11708 15.3965
75.65 -5.27948 -8.68348 15.0647
75.7 -7.32515 -12.0986 16.2711
75.75 -10.0157 -15.816 19.9941
75.8 -12.8401 -17.8251 26.7557
75.85 -14.397 -15.1576 34.318
75.9 -13.2695 -8.29804 37.7656
75.95 -9.95703 -2.39932 35.8287
76 -6.35259 0.120652 31.7051
76.05 -3.67529 0.540341 27.655
76.1 -2.07219 0.238099 24.1536
76.15 -1.25581 -0.188965 21.1406
76.2 -0.925672 -0.600246 18.5249
76.25 -0.888527 -1.03174 16.2498
76.3 -1.05634 -1.57944 14.2831
76.35 -1.42115 -2.37541 12.6168
76.4 -2.04053 -3.60505 11.2856
76.45 -3.03954 -5.53872 10.4214
76.5 -4.62183 -8.54067 10.3848
76.55 -7.05519 -12.9213 12.0382
76.6 -10.5017 -18.2095 17.039
76.65 -14.3798 -21.3454 26.8522
76.7 -16.4099 -16.7504 37.9372
76.75 -14.2033 -5.80073 41.4128
76.8 -9.13915 1.56587 37.1617
76.85 -4.37094 3.64196 31.6593
76.9 -1.18371 3.6805 27.2668
76.95 0.684462 3.50903 23.8484
77 1.82024 3.70935 21.0976
77.05 2.69774 4.43443 18.9022
77.1 3.64249 5.76677 17.3041
77.15 4.88947 7.81431 16.5048
77.2 6.61966 10.6379 16.944
77.25 8.90767 13.9458 19.3491
77.3 11.4992 16.4911 24.3636
77.35 13.4748 15.9085 31.0934
77.4 13.4947 11.0968 35.961
77.45 11.24 5.15373 36.1319
77.5 7.99579 1.5959 33.0318
77.55 5.18268 0.483299 29.1844
77.6 3.33022 0.56979 25.6364
77.65 2.34485 1.06891 22.5435
77.7 1.97906 1.72136 19.8704
77.75 2.04598 2.53998 17.5911
77.8 2.46675 3.66027 15.7231
77.85 3.26324 5.28994 14.3612
77.9 4.54278 7.68782 13.7561
77.95 6.46975 11.0674 14.468
78 9.15722 15.2035 17.5265
78.05 12.3228 18.4745 24.0243
78.1 14.6987 17.3629 32.8085
78.15 14.363 10.4118 38.4516
78.2 11.122 2.94145 37.5177
78.25 7.01831 -0.648905 33.2012
78.3 3.78089 -1.42159 28.778
78.35 1.76472 -1.22345 25.0237
78.4 0.658727 -0.91841 21.8481
78.45 0.080213 -0.75711 19.1122
78.5 -0.245566 -0.772561 16.7337
78.55 -0.486354 -0.960248 14.6631
78.6 -0.746562 -1.34252 12.8688
78.65 -1.10863 -1.99285 11.3371
78.7 -1.66595 -3.0561 10.0875
78.75 -2.5526 -4.77735 9.21593
78.8 -3.97303 -7.52592 9.00579
78.85 -6.21533 -11.7218 10.1847
78.9 -9.55296 -17.3003 14.337
78.95 -13.7257 -21.9449 23.5813
79 -16.7552 -19.517 36.2272
79.05 -15.4936 -8.13354 42.5081
79.1 -10.3767 1.33769 38.9843
79.15 -4.97578 4.35273 33.0214
79.2 -1.22292 4.55428 28.2997
79.25 1.00221 4.36597 24.7819
79.3 2.34854 4.56749 22.0582
79.35 3.36604 5.34898 19.9775
79.4 4.42659 6.77091 18.5948
79.45 5.77464 8.86954 18.1489
79.5 7.55151 11.5462 19.0918
79.55 9.71879 14.2365 21.9953
79.6 11.8517 15.5275 26.939
79.65 13.0175 13.7123 32.3212
79.7 12.3454 9.10699 35.161
79.75 10.0642 4.63068 34.3058
79.8 7.34643 2.23275 31.3413
79.85 5.15736 1.59773 27.9525
79.9 3.79546 1.86406 24.8117
79.95 3.17114 2.54057 22.0669
80 3.11903 3.50054 19.753
80.05 3.53655 4.81744 17.9328
80.1 4.41298 6.65592 16.7612
80.15 5.81094 9.18067 16.5691
80.2 7.80205 12.3596 17.9601
80.25 10.2957 15.4966 21.7172
80.3 12.7039 16.68 27.9089
80.35 13.7715 13.7443 34.1528
80.4 12.5065 7.78818 36.587
80.45 9.53034 2.92672 34.6732
80.5 6.40594 0.819943 30.9683
80.55 4.09958 0.481808 27.2412
80.6 2.74276 0.8467 23.9429
80.65 2.12061 1.44291 21.0837
80.7 2.00745 2.18331 18.6271
80.75 2.27492 3.15791 16.5699
80.8 2.90119 4.54482 14.9685
80.85 3.95707 6.58369 13.9943
80.9 5.58645 9.52723 14.0525
80.95 7.94439 13.4105 15.9621
81 10.9756 17.3458 20.9131
81.05 13.8918 18.5219 29.1034
81.1 14.8737 13.8015 36.7776
81.15 12.7121 5.75645 38.5249
81.2 8.71971 0.465839 35.1182
81.25 5.02778 -1.22764 30.5602
81.3 2.52858 -1.28262 26.5274
81.35 1.09705 -0.963451 23.1303
81.4 0.346038 -0.715459 20.2213
81.45 -0.0463239 -0.629032 17.6971
81.5 -0.284496 -0.698426 15.4968
81.55 -0.488989 -0.921512 13.5801
81.6 -0.739179 -1.33256 11.9198
81.65 -1.10738 -2.01829 10.5064
81.7 -1.68646 -3.13909 9.36495
81.75 -2.61737 -4.96131 8.60463
81.8 -4.11876 -7.88243 8.54357
81.85 -6.49732 -12.3372 9.99896
81.9 -10.0245 -18.1543 14.7304
81.95 -14.3203 -22.5257 24.8915
82 -17.075 -18.772 37.8187
82.05 -15.1457 -6.45923 42.8736
82.1 -9.62254 2.38303 38.4118
82.15 -4.24444 4.81446 32.4094
82.2 -0.64261 4.85266 27.8655
82.25 1.47471 4.69766 24.5178
82.3 2.78669 5.00424 21.9597
82.35 3.83178 5.91974 20.0738
82.4 4.96419 7.48202 18.9539
82.45 6.40452 9.67737 18.8827
82.5 8.24508 12.2804 20.3258
82.55 10.3464 14.5122 23.7158
82.6 12.1511 14.875 28.681
82.65 12.7398 12.2101 33.1805
82.7 11.5765 7.70708 34.7405
82.75 9.21643 4.05201 33.1866
82.8 6.7623 2.34276 30.1746
82.85 4.92802 2.04838 26.9786
82.9 3.8706 2.47373 24.0629
82.95 3.48367 3.28086 21.5469
83 3.63571 4.42017 19.4942
83.05 4.26369 5.99245 18.021
83.1 5.3825 8.14337 17.369
83.15 7.04478 10.9202 17.9889
83.2 9.22745 13.9558 20.5402
83.25 11.5889 15.9717 25.4296
83.3 13.2106 14.9214 31.4879
83.35 12.9678 10.3188 35.4574
83.4 10.769 5.1061 35.2638
83.45 7.81137 2.05523 32.3238
83.5 5.29535 1.11453 28.7319
83.55 3.65944 1.2555 25.3801
83.6 2.8285 1.83066 22.4413
83.65 2.60162 2.63658 19.9213
83.7 2.83486 3.71387 17.8372
83.75 3.48505 5.22066 16.2708
83.8 4.60205 7.36951 15.4325
83.85 6.29701 10.333 15.7739
83.9 8.65022 13.9482 18.0984
83.95 11.4547 17.0322 23.2879
84 13.7752 16.9138 30.7441
84.05 14.0391 11.8304 36.5544
84.1 11.6827 5.06653 37.0406
84.15 8.10729 0.999891 33.6964
84.2 4.98063 -0.243895 29.5619
84.25 2.91512 -0.187086 25.8278
84.3 1.78207 0.236943 22.6092
84.35 1.27734 0.715818 19.8237
84.4 1.1648 1.2294 17.407
84.45 1.32079 1.86792 15.3262
84.5 1.71791 2.77483 13.5799
84.55 2.40755 4.15065 12.2204
84.6 3.51616 6.27464 11.4188
84.65 5.24625 9.48594 11.6137
84.7 7.83393 13.9496 13.7801
84.75 11.3077 18.7641 19.5386
84.8 14.782 20.3483 29.5171
84.85 15.8794 14.2303 38.8205
84.9 13.0309 4.19404 40.1926
84.95 8.16103 -1.55569 35.637
85 3.94181 -3.00172 30.5207
85.05 1.20671 -2.93304 26.3799
85.1 -0.375439 -2.75733 23.0516
85.15 -1.33019 -2.9145 20.2985
85.2 -2.06566 -3.52349 18.0269
85.25 -2.86285 -4.66888 16.253
85.3 -3.93656 -6.49247 15.1153
85.35 -5.48366 -9.17108 14.9616
85.4 -7.67083 -12.7186 16.4913
85.45 -10.474 -16.407 20.7265
85.5 -13.2616 -17.9166 27.9704
85.55 -14.4926 -14.3512 35.3478
85.6 -12.9066 -7.13861 37.9052
85.65 -9.36209 -1.66953 35.3271
85.7 -5.80492 0.411704 31.0699
85.75 -3.27592 0.642184 27.0714
85.8 -1.80111 0.302847 23.6406
85.85 -1.06199 -0.100347 20.6872
85.9 -0.763715 -0.46467 18.1203
85.95 -0.723985 -0.832706 15.8838
86 -0.86043 -1.29218 13.9429
86.05 -1.16332 -1.9582 12.2815
86.1 -1.68079 -2.99143 10.9148
86.15 -2.52095 -4.63181 9.92823
86.2 -3.86679 -7.22769 9.57626
86.25 -5.98413 -11.1802 10.5099
86.3 -9.13899 -16.4961 14.1526
86.35 -13.1579 -21.2615 22.5249
86.4 -16.3579 -19.9466 34.6721
86.45 -15.6997 -9.672 41.9018
86.5 -11.0502 0.185889 39.4025
86.55 -5.70302 3.78872 33.5969
86.6 -1.83239 4.19282 28.734
86.65 0.491858 3.98963 25.0555
86.7 1.87057 4.08683 22.1711
86.75 2.85642 4.72033 19.9007
86.8 3.83338 5.96881 18.2589
86.85 5.06276 7.90619 17.4297
86.9 6.72515 10.5482 17.8147
86.95 8.87937 13.5784 20.0484
87 11.2733 15.848 24.6316
87.05 13.0798 15.3199 30.7004
87.1 13.1385 11.0858 35.167
87.15 11.1539 5.71982 35.5254
87.2 8.21004 2.31552 32.8119
87.25 5.58561 1.14527 29.225
87.3 3.82353 1.18794 25.818
87.35 2.89179 1.72216 22.8183
87.4 2.59056 2.49506 20.2378
87.45 2.7628 3.52311 18.0871
87.5 3.35087 4.95255 16.435
87.55 4.39282 6.99242 15.4667
87.6 5.99505 9.83388 15.5892
87.65 8.25445 13.3994 17.5548
87.7 11.0341 16.7135 22.2967
87.75 13.5305 17.2738 29.6024
87.8 14.1913 12.8486 36.0076
87.85 12.1699 5.9578 37.3212
87.9 8.64224 1.37213 34.3155
87.95 5.37436 -0.196156 30.1699
88 3.14339 -0.254179 26.3522
88.05 1.88716 0.144239 23.0588
88.1 1.30314 0.615898 20.2116
88.15 1.13804 1.11183 17.7403
88.2 1.25073 1.71031 15.6068
88.25 1.59934 2.54518 13.8024
88.3 2.22203 3.80359 12.3648
88.35 3.23108 5.74842 11.432
88.4 4.81572 8.71668 11.3698
88.45 7.21709 12.9563 13.0219
88.5 10.549 17.9116 17.925
88.55 14.1934 20.6212 27.2456
88.6 16.0101 16.1425 37.4708
88.65 13.901 6.0279 40.6673
88.7 9.15781 -0.894264 36.7604
88.75 4.65395 -2.9637 31.4995
88.8 1.61311 -3.03804 27.1526
88.85 -0.166762 -2.83254 23.6864
88.9 -1.21848 -2.91884 20.8358
88.95 -1.98289 -3.44909 18.4806
89 -2.76459 -4.50422 16.6198
89.05 -3.78857 -6.21292 15.3701
89.1 -5.25369 -8.74739 15.04
89.15 -7.33349 -12.1606 16.2649
89.2 -10.0459 -15.88 20.0287
89.25 -12.879 -17.8604 26.8436
89.3 -14.4188 -15.1171 34.4187
89.35 -13.2528 -8.20211 37.8071
89.4 -9.91112 -2.31911 35.8076
89.45 -6.30056 0.167378 31.6611
89.5 -3.62962 0.569706 27.6093
89.55 -2.03395 0.264444 24.1109
89.6 -1.22137 -0.157551 21.1012
89.65 -0.890372 -0.558394 18.4881
89.7 -0.847416 -0.973682 16.2141
89.75 -1.00366 -1.49677 14.246
89.8 -1.34915 -2.25496 12.5731
89.85 -1.9379 -3.42653 11.2237
89.9 -2.88954 -5.27314 10.3151
89.95 -4.40166 -8.15564 10.1748
90 -6.7427 -12.4168 11.6011
90.05 -10.1104 -17.7408 16.1911
90.1 -14.0513 -21.4043 25.6209
90.15 -16.4422 -17.7311 37.1149
90.2 -14.654 -6.83499 41.6377
90.25 -9.67085 1.22798 37.7889
90.3 -4.73372 3.6823 32.1875
90.35 -1.36414 3.80457 27.6711
90.4 0.622376 3.61937 24.1821
90.45 1.81936 3.78854 21.391
90.5 2.72202 4.48473 19.1687
90.55 3.67101 5.78872 17.5492
90.6 4.90806 7.80005 16.7278
90.65 6.61468 10.571 17.131
90.7 8.86414 13.8127 19.4614
90.75 11.4096 16.3188 24.3362
90.8 13.3641 15.8108 30.904
90.85 13.429 11.1872 35.7337
90.9 11.2659 5.36522 36.0194
90.95 8.09535 1.79856 33.0386
91 5.3137 0.644097 29.2508
91.05 3.46763 0.710092 25.7271
91.1 2.48388 1.21545 22.6471
91.15 2.12643 1.8965 19.9872
91.2 2.21417 2.76505 17.7289
91.25 2.67231 3.95975 15.9006
91.3 3.52673 5.69186 14.6164
91.35 4.88691 8.2127 14.1638
91.4 6.90793 11.6842 15.1585
91.45 9.65523 15.717 18.6537
91.5 12.7207 18.4069 25.512
91.55 14.7009 16.3285 33.9147
91.6 13.8634 9.10539 38.3913
91.65 10.4493 2.35965 36.7249
91.7 6.52646 -0.607257 32.3891
91.75 3.55779 -1.14758 28.1266
91.8 1.75204 -0.893027 24.4965
91.85 0.786701 -0.559288 21.4025
91.9 0.31049 -0.33654 18.7242
91.95 0.0830327 -0.230203 16.3881
92 -0.0326698 -0.208883 14.3453
92.05 -0.108723 -0.251189 12.558
92.1 -0.184554 -0.355265 10.9949
92.15 -0.287806 -0.540214 9.62939
92.2 -0.447932 -0.850368 8.4411
92.25 -0.707583 -1.36696 7.41886
92.3 -1.13635 -2.23094 6.57149
92.35 -1.85126 -3.6812 5.95831
92.4 -3.0477 -6.10635 5.77504
92.45 -5.03524 -10.0617 6.5838
92.5 -8.21966 -15.9804 9.83046
92.55 -12.7554 -22.6226 18.3169
92.6 -17.2108 -23.6378 33.1479
92.65 -17.484 -11.9396 44.3046
92.7 -12.2031 1.5329 42.0847
92.75 -5.57677 6.2342 35.0757
92.8 -0.785685 6.61914 29.8241
92.85 2.06301 6.34587 26.3608
92.9 3.75721 6.49161 23.976
92.95 4.97191 7.24407 22.4011
93 6.12769 8.54993 21.6675
93.05 7.43287 10.2336 21.9631
93.1 8.90359 11.9072 23.4982
93.15 10.3294 12.8701 26.2261
93.2 11.2696 12.3322 29.4343
93.25 11.2632 10.1703 31.77
93.3 10.2343 7.39258 32.2186
93.35 8.62742 5.2611 30.9406
93.4 7.0517 4.24627 28.7766
93.45 5.90396 4.1539 26.4275
93.5 5.31143 4.67866 24.2685
93.55 5.25686 5.64924 22.5042
93.6 5.69132 7.01928 21.3119
93.65 6.57692 8.77 20.9208
93.7 7.86437 10.7667 21.6309
93.75 9.41151 12.5697 23.7043
93.8 10.869 13.3371 27.0004
93.85 11.668 12.2371 30.5025
93.9 11.3288 9.46073 32.5989
93.95 9.92961 6.44383 32.4593
94 8.09272 4.45815 30.6491
94.05 6.46748 3.7063 28.171
94.1 5.38579 3.83068 25.6739
94.15 4.90424 4.50826 23.4574
94.2 4.9699 5.6047 21.6878
94.25 5.5284 7.11354 20.5385
94.3 6.5515 9.04036 20.2626
94.35 7.99865 11.2386 21.2106
94.4 9.71321 13.1797 23.6917
94.45 11.2804 13.8422 27.5025
94.5 12.0277 12.2901 31.3445
94.55 11.4455 8.9653 33.3292
94.6 9.73952 5.69355 32.7589
94.65 7.68804 3.76462 30.5356
94.7 5.98171 3.1666 27.7922
94.75 4.90688 3.41443 25.1393
94.8 4.46755 4.1682 22.8198
94.85 4.58313 5.31981 20.9679
94.9 5.19559 6.89936 19.745
94.95 6.2899 8.95337 19.4151
95 7.84958 11.3724 20.3786
95.05 9.73923 13.6154 23.0495
95.1 11.5239 14.506 27.3179
95.15 12.4241 12.8321 31.7487
95.2 11.7992 9.01652 34.0525
95.25 9.86865 5.28401 33.3749
95.3 7.55704 3.16546 30.8616
95.35 5.65954 2.54785 27.853
95.4 4.47086 2.80694 24.9913
95.45 3.96181 3.54411 22.4875
95.5 4.0212 4.6466 20.4388
95.55 4.57721 6.16931 18.9721
95.6 5.6229 8.21757 18.3227
95.65 7.18139 10.7974 18.9006
95.7 9.19965 13.5312 21.2622
95.75 11.3395 15.2711 25.6759
95.8 12.7867 14.314 31.0492
95.85 12.5921 10.309 34.6292
95.9 10.6701 5.6683 34.6175
95.95 8.01984 2.78978 32.0601
96 5.70533 1.81175 28.7502
96.05 4.17273 1.91564 25.5733
96.1 3.40371 2.52292 22.7658
96.15 3.24352 3.43776 20.3826
96.2 3.57577 4.69603 18.4842
96.25 4.37073 6.44254 17.2116
96.3 5.67437 8.83582 16.8634
96.35 7.55194 11.8727 17.987
96.4 9.938 14.9782 21.3219
96.45 12.3349 16.4678 27.0701
96.5 13.6028 14.1868 33.2879
96.55 12.6843 8.64468 36.2648
96.6 9.95378 3.62979 34.8948
96.65 6.87374 1.2229 31.4109
96.7 4.50002 0.710569 27.719
96.75 3.061 1.02119 24.4051
96.8 2.38297 1.6276 21.5252
96.85 2.24748 2.41023 19.0562
96.9 2.52268 3.44807 17.0042
96.95 3.18265 4.91725 15.4402
97 4.29456 7.05085 14.5613
97.05 5.99267 10.0668 14.8124
97.1 8.39826 13.8899 17.0387
97.15 11.367 17.4145 22.3079
97.2 13.9821 17.7587 30.326
97.25 14.4894 12.5299 36.9873
97.3 12.0789 5.04801 37.8097
97.35 8.22738 0.512095 34.2705
97.4 4.82949 -0.850538 29.8977
97.45 2.57964 -0.816817 26.0225
97.5 1.32025 -0.453628 22.7227
97.55 0.697891 -0.120575 19.8776
97.6 0.433016 0.130975 17.4002
97.65 0.360566 0.343349 15.2356
97.7 0.402293 0.577205 13.3447
97.75 0.535787 0.899343 11.6975
97.8 0.776974 1.39484 10.2746
97.85 1.17692 2.1906 9.07561
97.9 1.8314 3.48957 8.14371
97.95 2.90248 5.61381 7.63166
98 4.64623 9.02422 7.97289
98.05 7.40652 14.1376 10.2633
98.1 11.3928 20.3022 16.7068
98.15 15.7608 23.1542 29.0482
98.2 17.3524 15.5599 41.3115
98.25 13.7199 2.33156 42.6086
98.3 7.60072 -4.28212 36.5613
98.35 2.57287 -5.48641 30.8641
98.4 -0.565821 -5.29545 26.8184
98.45 -2.40473 -5.27825 23.8715
98.5 -3.63002 -5.82961 21.6917
98.55 -4.72571 -7.01289 20.2481
98.6 -5.9892 -8.80613 19.7136
98.65 -7.5699 -11.0594 20.4284
98.7 -9.4328 -13.2677 22.7821
98.75 -11.2337 -14.3482 26.7506
98.8 -12.269 -13.0722 31.1267
98.85 -11.8749 -9.56824 33.7272
98.9 -10.1381 -5.82527 33.4432
98.95 -7.89514 -3.5199 31.1701
99 -5.96682 -2.73778 28.2502
99.05 -4.7097 -2.90212 25.4061
99.1 -4.13245 -3.58899 22.8939
99.15 -4.13452 -4.65493 20.8259
99.2 -4.64035 -6.13358 19.3298
99.25 -5.63416 -8.11721 18.6313
99.3 -7.13059 -10.6099 19.1177
99.35 -9.07615 -13.262 21.3118
99.4 -11.1556 -15.0118 25.4796
99.45 -12.6103 -14.2545 30.6504
99.5 -12.5277 -10.5488 34.265
99.55 -10.7621 -6.0478 34.4838
99.6 -8.21787 -3.11992 32.1317
99.65 -5.93584 -2.05281 28.9278
99.7 -4.39455 -2.10332 25.7978
99.75 -3.60784 -2.69583 23.0166
99.8 -3.43684 -3.62038 20.6582
99.85 -3.76932 -4.90043 18.7943
99.9 -4.57349 -6.66853 17.5765
99.95 -5.88764 -9.0617 17.3132
